mass(kg):   1.883531627e-28
charge(C):  -1.60217662e-19
speed(m/s): 269813212.2
